# This file is part of the NetBuilder example
# src  dest   delay    error datarate
   1    2      0.01       0     1e9
   1    3      0.01       0     1e9
   1    4      0.01       0     1e9
   2    3      0.01       0     1e9
   2    8      0.01       0     1e9
   3    6      0.01       0     1e9
   4    5      0.01       0     1e9
   4    11     0.01       0     1e9
   5    6      0.01       0     1e9
   5    7      0.01       0     1e9
   6    9      0.01       0     1e9
   6    13     0.01       0     1e9
   7    8      0.01       0     1e9
   8    10     0.01       0     1e9
   9    10     0.01       0     1e9
   10   12     0.01       0     1e9
   10   14     0.01       0     1e9
   11   12     0.01       0     1e9
   11   14     0.01       0     1e9
   12   13     0.01       0     1e9


